1.26732E7
0#(15924.787064464384, 6335.265629345781, -350.2245054554588)#(0.002640010687106712, 9.656021349113076E-4, -6.326311762909763E-5)
1#(4.109454388752496E7, -4.250251626041558E7, -7182978.983714441)#(26.370539786064086, 37.74071865612852, 0.5891121153087718)
2#(9.936061127528228E7, -4.279274913672899E7, -6294373.396705664)#(13.488526168442162, 32.35405007481424, -0.3455184383585748)
3#(1.3289586234334093E8, -7.988827044522879E7, -21327.440248678788)#(14.802758032470775, 24.940581872284408, -0.004823771728181896)
4#(1.328045660783663E8, -8.025244781976905E7, -46772.50373122259)#(15.827168286026433, 24.757523612744663, -0.06027221442429364)
5#(-2.3819906731572464E8, -6.080880112043114E7, 4573346.314566181)#(6.774373962656756, -21.320941557690563, -0.6129816485517817)
6#(6.153497468659029E8, 4.132813369093377E8, -1.5480789379851354E7)#(-7.439222711374763, 11.456152267401544, 0.11897348422279028)
7#(1.30611780686856E9, -6.535523878486459E8, -4.063880879538879E7)#(3.7814969440317387, 8.619764543083306, -0.29983019955655094)
8#(1.3072871762452826E9, -6.534113749304634E8, -4.082807874838964E7)#(2.83580871219986, 13.665236088750943, -2.807624381024571)
9#(4.459632750238325E9, -3.288307335549974E8, -9.600702939990476E7)#(0.36400301842732585, 5.452959856610826, -0.12084369588284408)
10#(1.8929331204590871E9, 2.2443655990333376E9, -1.6187476244448612E7)#(-5.25569803123111, 4.072978151371007, 0.08322802147414711)
11#(1.235022857569284E9, -6.092277570783753E8, -3.908372913141597E7)#(53.27332051086472, -20.553587971796578, -1.421744431097884)
